37 0.763302 0.333961 0.098563 0.070891
37 0.685615 0.287531 0.080312 0.062031
37 0.813000 0.275289 0.088708 0.069641
37 0.677510 0.353656 0.089146 0.065281
37 0.836396 0.379250 0.091208 0.074500
37 0.741677 0.238867 0.084646 0.061953
37 0.899000 0.267977 0.086792 0.074391
37 0.905833 0.376523 0.073708 0.070109
37 0.857927 0.322344 0.092437 0.072531
37 0.196583 0.375047 0.044250 0.043031
37 0.609552 0.252227 0.090771 0.069891
37 0.623594 0.314305 0.086729 0.070172
37 0.933698 0.324578 0.066854 0.065719
37 0.740625 0.293750 0.377083 0.362500
