37 0.444578 0.898734 0.066581 0.044438
37 0.120703 0.707008 0.208290 0.143047
37 0.261429 0.983867 0.055457 0.032266
37 0.039344 0.978742 0.061780 0.038516
37 0.949215 0.435180 0.065691 0.044172
37 0.489450 0.223703 0.061475 0.044719
37 0.054941 0.259195 0.055035 0.036484
37 0.134215 0.008969 0.055176 0.017938
37 0.902037 0.184703 0.195925 0.157656
37 0.716440 0.903094 0.060094 0.042281
37 0.967237 0.086031 0.061780 0.041719
37 0.718595 0.575773 0.049649 0.050453
37 0.014684 0.670328 0.029368 0.045625
37 0.504684 0.465625 0.985948 0.928125
