37 0.587626 0.339422 0.020547 0.014781
37 0.528851 0.526945 0.055164 0.038297
37 0.237068 0.977891 0.066083 0.044219
37 0.228260 0.949859 0.063873 0.025750
37 0.175088 0.982234 0.068775 0.035531
37 0.152812 0.942352 0.061554 0.023453
37 0.120011 0.925250 0.060766 0.018906
37 0.323939 0.983633 0.072823 0.032734
37 0.062123 0.928891 0.058031 0.027062
37 0.138129 0.957320 0.053939 0.023547
37 0.114333 0.973492 0.065208 0.025891
37 0.098950 0.951531 0.053567 0.020125
37 0.112965 0.987953 0.069606 0.024094
37 0.303063 0.663281 0.601751 0.670312
