37 0.888375 0.494326 0.008969 0.013652
37 0.133008 0.811385 0.018797 0.023554
37 0.087516 0.802426 0.014375 0.026618
37 0.101781 0.816250 0.007437 0.015196
37 0.075594 0.813922 0.011969 0.020147
37 0.070477 0.793493 0.016203 0.024436
37 0.064891 0.812169 0.010344 0.015760
37 0.057266 0.786936 0.011344 0.022353
37 0.095867 0.792243 0.010578 0.021201
37 0.133945 0.813799 0.005828 0.023922
37 0.121297 0.794596 0.015469 0.023554
37 0.102344 0.801765 0.010063 0.014755
37 0.108125 0.788762 0.012562 0.017426
