37 0.461100 0.277622 0.024280 0.035774
37 0.916220 0.418927 0.020520 0.024580
37 0.936410 0.424657 0.020420 0.025951
37 0.945730 0.465896 0.010220 0.011305
37 0.932170 0.384027 0.020220 0.018009
37 0.950340 0.395542 0.022640 0.022588
37 0.961780 0.455907 0.019160 0.026770
37 0.953210 0.432865 0.018420 0.018385
37 0.957180 0.415044 0.019320 0.018142
37 0.947660 0.409856 0.013000 0.013429
37 0.890640 0.410033 0.023360 0.027633
37 0.907380 0.394790 0.016440 0.023783
37 0.904880 0.473164 0.020720 0.018628
37 0.725000 0.386062 0.506000 0.227876
