37 0.538258 0.871238 0.021172 0.028551
37 0.527500 0.762114 0.018344 0.029790
37 0.530859 0.700304 0.018469 0.029439
37 0.510273 0.709171 0.014203 0.030257
37 0.507539 0.824603 0.019859 0.030327
37 0.468477 0.623376 0.019266 0.027734
37 0.516367 0.575876 0.019766 0.027593
37 0.540672 0.541589 0.019625 0.028458
37 0.558781 0.510993 0.023312 0.029463
37 0.483266 0.503014 0.019094 0.029533
37 0.540422 0.836320 0.020531 0.030117
37 0.545234 0.764533 0.013187 0.030421
37 0.493758 0.752664 0.018891 0.030514
37 0.511719 0.699766 0.142187 0.455607
