37 0.522789 0.059416 0.017141 0.024486
37 0.442844 0.734743 0.010812 0.012944
37 0.446023 0.725736 0.008078 0.012313
37 0.299375 0.735210 0.010656 0.016682
37 0.503758 0.726752 0.009641 0.014860
37 0.276508 0.728119 0.010016 0.013715
37 0.986734 0.727629 0.014156 0.017266
37 0.953289 0.611589 0.007672 0.012664
37 0.529742 0.641647 0.006359 0.010350
37 0.964812 0.624276 0.005219 0.013972
37 0.695828 0.723213 0.008500 0.011986
37 0.511648 0.643832 0.006266 0.010841
37 0.629687 0.399533 0.731250 0.705607
