37 0.257422 0.958771 0.022875 0.028889
37 0.369961 0.802494 0.017016 0.026312
37 0.653320 0.776927 0.018141 0.020567
37 0.614094 0.783723 0.016156 0.020024
37 0.574883 0.779787 0.014359 0.022459
37 0.448461 0.724492 0.010266 0.015319
37 0.440070 0.691974 0.013016 0.019125
37 0.878773 0.893357 0.016078 0.026950
37 0.814648 0.810095 0.013672 0.022648
37 0.514195 0.679835 0.011297 0.017447
37 0.944312 0.834740 0.016031 0.020875
37 0.518398 0.732045 0.020047 0.028156
37 0.455086 0.339409 0.007922 0.014137
37 0.446875 0.699764 0.740625 0.595745
