37 0.790336 0.683362 0.082172 0.091040
37 0.595008 0.663025 0.080266 0.098459
37 0.710016 0.602168 0.078875 0.095549
37 0.694039 0.677437 0.095641 0.106667
37 0.766359 0.644923 0.056375 0.064104
37 0.847773 0.646426 0.076828 0.078054
37 0.859883 0.701840 0.083297 0.055896
37 0.449352 0.660164 0.107016 0.125067
37 0.506336 0.621763 0.070609 0.099287
37 0.383445 0.682457 0.052641 0.057168
37 0.917078 0.684547 0.099156 0.097225
37 0.510563 0.699923 0.068906 0.053064
37 0.543539 0.702813 0.080453 0.048478
37 0.484375 0.738921 0.943750 0.375723
