37 0.641758 0.782131 0.011891 0.016862
37 0.731836 0.749895 0.010609 0.016745
37 0.773336 0.744871 0.010109 0.015316
37 0.668945 0.656171 0.008234 0.011171
37 0.637141 0.646370 0.007562 0.012084
37 0.524977 0.624590 0.007172 0.011756
37 0.703336 0.802670 0.010609 0.016721
37 0.699656 0.765246 0.010250 0.016909
37 0.626359 0.647646 0.008656 0.012014
37 0.659984 0.658407 0.010250 0.013443
37 0.649859 0.535070 0.273813 0.259742
37 0.494281 0.499473 0.004031 0.006581
37 0.742406 0.630656 0.006563 0.011148
37 0.649219 0.715457 0.270313 0.194379
