37 0.776227 0.568703 0.047422 0.060126
37 0.640617 0.556381 0.009859 0.011255
37 0.702172 0.519477 0.008969 0.011799
37 0.670438 0.530649 0.009187 0.012092
37 0.585672 0.528023 0.008031 0.010607
37 0.592664 0.490617 0.004609 0.006506
37 0.506984 0.488828 0.005156 0.007406
37 0.544883 0.519508 0.008172 0.010230
37 0.379219 0.526046 0.007594 0.010753
37 0.491578 0.487521 0.006438 0.007929
37 0.434539 0.486799 0.005172 0.007071
37 0.739820 0.535983 0.009922 0.013305
37 0.584258 0.490774 0.005797 0.008452
37 0.588281 0.537657 0.426563 0.146444
