37 0.847430 0.876449 0.020703 0.038131
37 0.852687 0.848727 0.018500 0.033014
37 0.836852 0.840234 0.024141 0.040561
37 0.822594 0.863843 0.027531 0.035397
37 0.241570 0.494591 0.011422 0.017827
37 0.797391 0.906320 0.018937 0.028294
37 0.795586 0.874474 0.023547 0.035210
37 0.792555 0.844334 0.019234 0.032593
37 0.841398 0.910058 0.022641 0.038715
37 0.813570 0.835678 0.021828 0.036121
37 0.826398 0.818703 0.018078 0.020958
37 0.820820 0.900152 0.020391 0.030491
37 0.858469 0.843692 0.018563 0.030000
