37 0.360430 0.567002 0.017266 0.027541
37 0.751180 0.552728 0.018141 0.026534
37 0.751539 0.518548 0.019891 0.031850
37 0.745625 0.493642 0.005719 0.012295
37 0.749820 0.470012 0.019891 0.029110
37 0.763117 0.509988 0.007891 0.016838
37 0.721977 0.551838 0.017047 0.027799
37 0.773953 0.559204 0.008500 0.018970
37 0.738273 0.535937 0.020266 0.027799
37 0.754164 0.490574 0.011297 0.016604
37 0.742414 0.451721 0.013828 0.018197
37 0.735547 0.509344 0.016688 0.019110
37 0.736000 0.557588 0.010250 0.017611
37 0.719531 0.492974 0.164062 0.156909
