37 0.377465 0.368625 0.043388 0.031406
37 0.606671 0.942320 0.054930 0.034797
37 0.765783 0.874945 0.045864 0.031672
37 0.717325 0.769867 0.021379 0.022672
37 0.574369 0.864969 0.043271 0.030500
37 0.673797 0.810766 0.014136 0.020188
37 0.834065 0.561906 0.044439 0.025312
37 0.788364 0.581906 0.024673 0.028969
37 0.830946 0.584953 0.042687 0.022250
37 0.870654 0.583180 0.021402 0.024141
37 0.908341 0.592898 0.043411 0.016234
37 0.690643 0.413133 0.034743 0.017953
37 0.954708 0.561562 0.038154 0.024875
37 0.657710 0.651563 0.623832 0.621875
