37 0.345100 0.355880 0.012760 0.015231
37 0.556160 0.224028 0.009840 0.009722
37 0.557940 0.232245 0.010280 0.008611
37 0.743660 0.267755 0.007760 0.008472
37 0.687460 0.280498 0.010920 0.014468
37 0.856340 0.257743 0.007000 0.008866
37 0.317690 0.169826 0.010620 0.011597
37 0.308190 0.164502 0.012060 0.011597
37 0.259760 0.170556 0.008440 0.009861
37 0.297430 0.163218 0.010100 0.010833
37 0.244940 0.168611 0.010600 0.013796
37 0.767310 0.365324 0.011980 0.015833
37 0.323620 0.178588 0.007000 0.006481
37 0.435000 0.268519 0.866000 0.240741
