37 0.434969 0.592059 0.006094 0.008353
37 0.359258 0.614647 0.006547 0.009153
37 0.328758 0.627529 0.006203 0.009365
37 0.871680 0.536224 0.006703 0.008776
37 0.881258 0.515329 0.004578 0.006988
37 0.629680 0.587447 0.006453 0.008965
37 0.362094 0.603024 0.006219 0.010282
37 0.422008 0.591624 0.007734 0.010447
37 0.633430 0.514212 0.003859 0.004800
37 0.660992 0.515353 0.004484 0.006612
37 0.670070 0.509141 0.004391 0.006188
37 0.353039 0.455612 0.003609 0.004118
37 0.498437 0.543529 0.784375 0.207059
