37 0.813258 0.620188 0.013953 0.020750
37 0.828172 0.643354 0.014031 0.022792
37 0.812187 0.640469 0.016031 0.020813
37 0.833148 0.603573 0.014703 0.020188
37 0.797711 0.650969 0.017734 0.020854
37 0.834977 0.581625 0.015672 0.024083
37 0.824523 0.584562 0.007484 0.021625
37 0.827586 0.623615 0.015516 0.019604
37 0.792953 0.612656 0.015313 0.018937
37 0.779758 0.600750 0.018328 0.027167
37 0.820734 0.603917 0.012906 0.019750
37 0.798094 0.580615 0.014188 0.018021
37 0.812797 0.656990 0.010531 0.015396
37 0.805469 0.617708 0.089063 0.110417
