37 0.339273 0.540375 0.012453 0.017471
37 0.971203 0.820340 0.007906 0.010094
37 0.725852 0.817037 0.012234 0.016932
37 0.996141 0.810621 0.007719 0.013934
37 0.326297 0.878185 0.010687 0.018571
37 0.654039 0.825269 0.009109 0.014239
37 0.925672 0.824005 0.010406 0.014895
37 0.777469 0.836499 0.009469 0.016979
37 0.948508 0.819719 0.011109 0.019906
37 0.976125 0.800902 0.006813 0.012623
37 0.967172 0.809169 0.011125 0.013747
37 0.608695 0.825445 0.008672 0.012623
37 0.620375 0.823677 0.006313 0.008337
37 0.621094 0.725995 0.754687 0.398126
