37 0.930883 0.202261 0.031984 0.052914
37 0.105563 0.249452 0.005844 0.008042
37 0.423016 0.259441 0.011219 0.010023
37 0.216859 0.258974 0.010719 0.011189
37 0.459977 0.237413 0.008922 0.010629
37 0.449148 0.240828 0.008047 0.009720
37 0.444367 0.198660 0.006578 0.007529
37 0.028844 0.221900 0.006188 0.008415
37 0.186031 0.272145 0.005031 0.007506
37 0.217117 0.235641 0.009766 0.008438
37 0.047750 0.294767 0.010469 0.009068
37 0.180750 0.271002 0.006625 0.008298
37 0.176523 0.248322 0.007734 0.009837
37 0.247656 0.251748 0.423438 0.121212
