37 0.821984 0.831054 0.030812 0.022248
37 0.746828 0.929110 0.059781 0.073489
37 0.756445 0.780187 0.033578 0.032974
37 0.654359 0.781862 0.047938 0.034778
37 0.670195 0.934063 0.045984 0.049344
37 0.868250 0.810820 0.047781 0.055410
37 0.746633 0.805843 0.038078 0.054122
37 0.797617 0.845410 0.047547 0.039063
37 0.763102 0.835070 0.028359 0.030703
37 0.749828 0.875246 0.039781 0.035785
37 0.752867 0.859133 0.040484 0.029602
37 0.838719 0.915211 0.054656 0.076464
37 0.793180 0.882365 0.043422 0.059485
37 0.725781 0.816159 0.417187 0.325527
