37 0.110297 0.940798 0.016656 0.023991
37 0.265148 0.758298 0.010641 0.014484
37 0.271250 0.743146 0.008844 0.013568
37 0.519234 0.736221 0.010000 0.014225
37 0.559375 0.736678 0.009906 0.015423
37 0.463398 0.596502 0.005422 0.007559
37 0.694539 0.648944 0.006141 0.008967
37 0.513102 0.720939 0.009297 0.013944
37 0.287227 0.616174 0.006484 0.010094
37 0.946180 0.843146 0.014516 0.015117
37 0.599016 0.564531 0.010594 0.015164
37 0.592352 0.541033 0.008266 0.008685
37 0.515625 0.734742 0.900000 0.450704
