37 0.577114 0.351984 0.029836 0.020719
37 0.506343 0.585219 0.022079 0.013281
37 0.365444 0.664641 0.021916 0.018281
37 0.051390 0.660141 0.033014 0.026937
37 0.271671 0.449992 0.016706 0.016984
37 0.094007 0.658156 0.045023 0.026719
37 0.115047 0.632523 0.038785 0.022391
37 0.126577 0.653992 0.046986 0.030734
37 0.200794 0.609719 0.022477 0.017188
37 0.195981 0.649227 0.016542 0.010891
37 0.071308 0.634859 0.021729 0.011844
37 0.044860 0.640453 0.020234 0.015313
37 0.017313 0.662742 0.034626 0.029578
37 0.467290 0.566406 0.934579 0.464062
