37 0.515961 0.398812 0.026672 0.032588
37 0.397875 0.919859 0.014469 0.018071
37 0.434688 0.869894 0.007687 0.010141
37 0.228203 0.856565 0.007281 0.011812
37 0.577000 0.766976 0.012344 0.020729
37 0.283547 0.852471 0.009437 0.013694
37 0.033070 0.901165 0.007641 0.011129
37 0.446469 0.855859 0.009875 0.008094
37 0.441836 0.871212 0.008609 0.008447
37 0.449180 0.870024 0.005266 0.012471
37 0.233523 0.852553 0.012234 0.018424
37 0.216469 0.856941 0.009437 0.014447
37 0.307812 0.465882 0.559375 0.931765
