37 0.743578 0.665417 0.016406 0.020375
37 0.694438 0.461510 0.007906 0.012229
37 0.690914 0.430583 0.006703 0.009125
37 0.856422 0.420187 0.009687 0.013958
37 0.637609 0.443219 0.007781 0.009813
37 0.444031 0.472188 0.007719 0.010292
37 0.494805 0.459677 0.009922 0.012729
37 0.395742 0.453156 0.005453 0.008021
37 0.092133 0.492833 0.008328 0.013208
37 0.113031 0.403000 0.005844 0.009333
37 0.614594 0.446615 0.007469 0.011646
37 0.687805 0.429563 0.002109 0.006375
37 0.640898 0.437375 0.006422 0.008583
37 0.471875 0.540625 0.784375 0.281250
