0 0.538258 0.871238 0.021172 0.028551
0 0.527500 0.762114 0.018344 0.029790
0 0.530859 0.700304 0.018469 0.029439
0 0.510273 0.709171 0.014203 0.030257
0 0.507539 0.824603 0.019859 0.030327
0 0.468477 0.623376 0.019266 0.027734
0 0.516367 0.575876 0.019766 0.027593
0 0.540672 0.541589 0.019625 0.028458
0 0.558781 0.510993 0.023312 0.029463
0 0.483266 0.503014 0.019094 0.029533
0 0.540422 0.836320 0.020531 0.030117
0 0.545234 0.764533 0.013187 0.030421
0 0.493758 0.752664 0.018891 0.030514
0 0.511719 0.699766 0.142187 0.455607
