0 0.827859 0.407760 0.007250 0.010187
0 0.848437 0.404385 0.007094 0.009312
0 0.896883 0.394104 0.006359 0.009625
0 0.852305 0.400771 0.004766 0.007417
0 0.984414 0.417292 0.007141 0.010125
0 0.995766 0.399375 0.005875 0.008583
0 0.985086 0.394802 0.005109 0.006646
0 0.720219 0.418010 0.007687 0.010271
0 0.760500 0.403604 0.006906 0.008042
0 0.674883 0.427937 0.008484 0.010833
0 0.372039 0.492656 0.010359 0.012521
0 0.364234 0.429844 0.007219 0.011146
0 0.578789 0.416073 0.006422 0.009187
0 0.605469 0.439583 0.770312 0.125000
