0 0.630984 0.209393 0.034469 0.046728
0 0.821555 0.422387 0.041172 0.051070
0 0.787016 0.273920 0.039031 0.053601
0 0.663312 0.318477 0.036344 0.050288
0 0.468469 0.443117 0.028563 0.037593
0 0.213750 0.194990 0.035219 0.046358
0 0.880086 0.749743 0.018984 0.024671
0 0.083852 0.178714 0.035891 0.044959
0 0.366758 0.974938 0.023422 0.028683
0 0.744391 0.024455 0.030875 0.042449
0 0.952211 0.233519 0.037578 0.045802
0 0.138977 0.015741 0.034953 0.031481
0 0.911945 0.407665 0.029078 0.036235
0 0.510938 0.505144 0.896875 0.985597
