0 0.885281 0.724191 0.015219 0.021020
0 0.241687 0.485665 0.007969 0.010843
0 0.095961 0.472439 0.008953 0.011308
0 0.026289 0.449690 0.007234 0.008825
0 0.085734 0.430909 0.006594 0.009800
0 0.120836 0.408780 0.006703 0.008160
0 0.949656 0.553869 0.009844 0.014612
0 0.695953 0.443592 0.006906 0.011264
0 0.729695 0.457062 0.009922 0.014080
0 0.507109 0.347417 0.006375 0.008271
0 0.454695 0.409124 0.005641 0.010266
0 0.454773 0.409390 0.004203 0.006408
0 0.488477 0.346397 0.004359 0.006674
0 0.153125 0.330377 0.009375 0.013304
