0 0.618469 0.510248 0.008812 0.014646
0 0.743594 0.672807 0.016563 0.023632
0 0.614430 0.521863 0.009141 0.012972
0 0.848922 0.608184 0.015156 0.021745
0 0.522242 0.381769 0.005078 0.007925
0 0.759930 0.542300 0.011266 0.015495
0 0.614070 0.304175 0.010047 0.014717
0 0.357086 0.514493 0.008891 0.014693
0 0.392648 0.510330 0.010047 0.013160
0 0.538305 0.509186 0.010141 0.015495
0 0.803156 0.511462 0.008438 0.012264
0 0.545414 0.408479 0.006359 0.012005
0 0.984891 0.520271 0.011312 0.017948
0 0.507812 0.463443 0.981250 0.450472
