0 0.360430 0.567002 0.017266 0.027541
0 0.751180 0.552728 0.018141 0.026534
0 0.751539 0.518548 0.019891 0.031850
0 0.745625 0.493642 0.005719 0.012295
0 0.749820 0.470012 0.019891 0.029110
0 0.763117 0.509988 0.007891 0.016838
0 0.721977 0.551838 0.017047 0.027799
0 0.773953 0.559204 0.008500 0.018970
0 0.738273 0.535937 0.020266 0.027799
0 0.754164 0.490574 0.011297 0.016604
0 0.742414 0.451721 0.013828 0.018197
0 0.735547 0.509344 0.016688 0.019110
0 0.736000 0.557588 0.010250 0.017611
0 0.719531 0.492974 0.164062 0.156909
