0 0.865508 0.537862 0.010328 0.015210
0 0.449641 0.550713 0.009844 0.013575
0 0.277469 0.555257 0.009250 0.012617
0 0.162477 0.559264 0.010359 0.016098
0 0.111078 0.558727 0.009844 0.014883
0 0.946555 0.431051 0.010484 0.013318
0 0.917570 0.443820 0.005453 0.008435
0 0.631437 0.412453 0.009687 0.017804
0 0.454875 0.547734 0.009250 0.013178
0 0.940656 0.450479 0.008625 0.009696
0 0.940687 0.420783 0.009406 0.014042
0 0.931945 0.446098 0.007828 0.012196
0 0.942516 0.437722 0.015563 0.014509
0 0.530469 0.489486 0.854688 0.175234
