0 0.929125 0.609120 0.009938 0.014343
0 0.506828 0.268920 0.013312 0.020798
0 0.916695 0.568063 0.009484 0.010775
0 0.296938 0.558451 0.006500 0.010235
0 0.139320 0.531420 0.005828 0.013732
0 0.585570 0.502594 0.003422 0.006408
0 0.554383 0.556514 0.007016 0.009695
0 0.049398 0.544883 0.007484 0.009155
0 0.080609 0.529930 0.006313 0.010939
0 0.622062 0.514354 0.004750 0.006174
0 0.046773 0.534542 0.006453 0.008521
0 0.929258 0.537758 0.005734 0.009601
0 0.577977 0.504883 0.004453 0.005915
0 0.401562 0.490610 0.018750 0.028169
