0 0.710094 0.910121 0.203344 0.157303
0 0.159172 0.832259 0.019531 0.027588
0 0.115758 0.831338 0.022828 0.028202
0 0.096398 0.798235 0.024266 0.036206
0 0.136523 0.832105 0.013922 0.025877
0 0.150836 0.800548 0.020172 0.026798
0 0.167492 0.802357 0.018891 0.028443
0 0.147531 0.827621 0.010594 0.019320
0 0.124523 0.827851 0.007953 0.021360
0 0.132187 0.803487 0.021531 0.024868
0 0.178891 0.820965 0.011844 0.024605
0 0.095742 0.826140 0.022422 0.024430
0 0.112922 0.806535 0.017531 0.029035
0 0.157812 0.823465 0.153125 0.116228
