0 0.286440 0.862133 0.013680 0.016107
0 0.598290 0.833493 0.011740 0.013653
0 0.929200 0.810493 0.010960 0.013893
0 0.048930 0.837800 0.010700 0.014480
0 0.587110 0.709813 0.008140 0.010027
0 0.641140 0.710107 0.009640 0.010240
0 0.453210 0.707533 0.008580 0.011813
0 0.298480 0.713760 0.009160 0.010293
0 0.016290 0.730800 0.007660 0.010667
0 0.940170 0.705733 0.010300 0.012800
0 0.714720 0.709640 0.007600 0.008827
0 0.665050 0.700107 0.008660 0.010293
0 0.006480 0.727200 0.008960 0.009973
0 0.479000 0.778667 0.950000 0.202667
