0 0.352600 0.606180 0.100562 0.056453
0 0.250562 0.728672 0.143607 0.048375
0 0.564672 0.834555 0.101101 0.054328
0 0.697096 0.848914 0.090913 0.056141
0 0.182834 0.926977 0.097705 0.056141
0 0.397588 0.465617 0.092600 0.062734
0 0.672916 0.512266 0.089251 0.054469
0 0.639028 0.282117 0.093044 0.057078
0 0.363595 0.331836 0.087330 0.049953
0 0.621230 0.663148 0.099555 0.057484
0 0.425714 0.145438 0.095457 0.059937
0 0.503314 0.029055 0.130468 0.058109
0 0.969859 0.462180 0.060281 0.049422
0 0.496487 0.519531 0.852459 0.735938
