0 0.852676 0.308422 0.102533 0.083250
0 0.956838 0.791281 0.027505 0.022969
0 0.841886 0.926562 0.028838 0.025156
0 0.652981 0.797789 0.030038 0.025203
0 0.498381 0.518305 0.088571 0.080547
0 0.922667 0.812969 0.106171 0.089500
0 0.539686 0.630891 0.010914 0.018031
0 0.164324 0.804992 0.093524 0.080859
0 0.126000 0.629781 0.024381 0.024750
0 0.146781 0.384719 0.027238 0.022062
0 0.136162 0.297172 0.030343 0.024875
0 0.231095 0.327875 0.023410 0.023281
0 0.329229 0.541117 0.027143 0.022266
0 0.462857 0.627344 0.822857 0.701562
