0 0.864375 0.367040 0.008344 0.012099
0 0.899398 0.379163 0.009609 0.014316
0 0.901320 0.389693 0.007203 0.007877
0 0.908516 0.382618 0.008594 0.014434
0 0.493508 0.565024 0.009078 0.031698
0 0.881828 0.380389 0.009156 0.015165
0 0.875023 0.391144 0.010141 0.013561
0 0.892242 0.388007 0.011203 0.015212
0 0.920234 0.393149 0.010781 0.013892
0 0.912148 0.368514 0.008422 0.012689
0 0.926219 0.381745 0.010281 0.010566
0 0.899961 0.394151 0.008234 0.007689
0 0.872469 0.378868 0.009469 0.014292
0 0.713281 0.462264 0.464062 0.221698
