0 0.154109 0.370021 0.009094 0.009333
0 0.163164 0.342021 0.007297 0.009500
0 0.174461 0.335448 0.007141 0.007354
0 0.138109 0.336906 0.006906 0.009146
0 0.124016 0.335792 0.005281 0.006083
0 0.093922 0.337562 0.004719 0.006958
0 0.069469 0.348469 0.006219 0.006437
0 0.042555 0.330479 0.005422 0.006875
0 0.840258 0.382667 0.009547 0.012708
0 0.062805 0.329875 0.004859 0.005333
0 0.853250 0.394938 0.009594 0.010875
0 0.996727 0.417042 0.006266 0.009000
0 0.882906 0.317833 0.008750 0.008500
0 0.461719 0.360417 0.804688 0.095833
