0 0.525813 0.387437 0.029187 0.038625
0 0.924008 0.326406 0.040516 0.053604
0 0.596820 0.752937 0.041422 0.054750
0 0.528102 0.222333 0.027391 0.037375
0 0.137125 0.201000 0.015500 0.032042
0 0.004867 0.359156 0.009078 0.014354
0 0.761039 0.200000 0.007766 0.012125
0 0.743977 0.173823 0.004609 0.006812
0 0.745195 0.200302 0.005672 0.009354
0 0.752234 0.192792 0.004469 0.007708
0 0.759820 0.190323 0.004547 0.005687
0 0.787180 0.074302 0.005141 0.005854
0 0.748563 0.185677 0.008406 0.010396
0 0.478125 0.475000 0.953125 0.633333
