0 0.328531 0.571265 0.011656 0.019016
0 0.329688 0.590562 0.010375 0.016534
0 0.325813 0.609403 0.011906 0.017822
0 0.344852 0.590972 0.012578 0.024286
0 0.319336 0.582330 0.009953 0.014590
0 0.313742 0.597658 0.015109 0.019157
0 0.350148 0.568876 0.006422 0.009180
0 0.336680 0.585843 0.011516 0.020585
0 0.317773 0.569192 0.011172 0.019461
0 0.336875 0.605187 0.010156 0.017494
0 0.329266 0.622518 0.010281 0.011171
0 0.339961 0.624859 0.007016 0.010703
0 0.350555 0.577155 0.006422 0.009625
0 0.328906 0.598361 0.057813 0.100703
