0 0.230789 0.344691 0.005328 0.032099
0 0.246937 0.400597 0.005969 0.023580
0 0.253320 0.369444 0.007672 0.024403
0 0.248594 0.345370 0.007906 0.032140
0 0.252469 0.438066 0.009344 0.030535
0 0.239687 0.361091 0.008750 0.024403
0 0.253758 0.324938 0.008609 0.023704
0 0.227156 0.365741 0.009656 0.023251
0 0.247656 0.373519 0.006563 0.023004
0 0.241289 0.338827 0.006547 0.021358
0 0.247445 0.324753 0.005141 0.015432
0 0.235211 0.408848 0.008703 0.016708
0 0.238641 0.425453 0.009781 0.023909
0 0.242969 0.364198 0.060937 0.176955
