0 0.791195 0.708588 0.015891 0.021976
0 0.366945 0.456729 0.012734 0.018729
0 0.386023 0.919129 0.026922 0.047294
0 0.432836 0.916106 0.028703 0.048635
0 0.422672 0.685718 0.012094 0.019953
0 0.618156 0.653988 0.011813 0.015129
0 0.486633 0.664000 0.012266 0.016988
0 0.310937 0.892188 0.025688 0.044282
0 0.386797 0.694106 0.012781 0.022988
0 0.193008 0.715341 0.014734 0.024000
0 0.220680 0.704835 0.015172 0.021059
0 0.149680 0.785882 0.017328 0.026071
0 0.123602 0.810235 0.021922 0.028800
0 0.403906 0.745882 0.807813 0.414118
