0 0.855660 0.564493 0.008400 0.011387
0 0.875410 0.541733 0.008300 0.010027
0 0.896050 0.597173 0.009100 0.011893
0 0.770890 0.570787 0.010900 0.014960
0 0.907480 0.534120 0.010760 0.013147
0 0.859510 0.536973 0.008860 0.012400
0 0.822940 0.528733 0.008720 0.010267
0 0.845670 0.522520 0.007700 0.007387
0 0.396750 0.479880 0.008260 0.009787
0 0.837270 0.522507 0.008220 0.009227
0 0.970030 0.521480 0.009740 0.008453
0 0.230780 0.496107 0.008960 0.014933
0 0.392750 0.448000 0.005500 0.006773
0 0.536000 0.482667 0.924000 0.106667
